This is matrix A; it is a randomly generated symmetric matrix:

         8         11         12          8         14 
        11         12          0          5         14 
        12          0          6          5         14 
         8          5          5          4          0 
        14         14         14          0          5 

This is matrix D; it is a randomly generated diagonalised matrix:

     -14.4   2.56e-11   2.04e-13   2.97e-18          0 
  2.56e-11      -7.49  -4.38e-14  -3.84e-21  -4.91e-09 
  2.04e-13  -4.43e-14       4.57          0   1.19e-10 
 -6.04e-17  -1.01e-15   1.44e-15       9.35  -1.92e-12 
 -1.58e-15  -4.91e-09   1.19e-10  -1.93e-12         43 

This is a matrix consisting of eigenvectors:

   -0.0727     -0.813      0.146      0.126      0.545 
    -0.397       0.23   -0.00496     -0.757      0.466 
     -0.51      0.393     -0.127      0.637      0.405 
     0.278      0.295      0.883     0.0756      0.224 
     0.707      0.213     -0.427     0.0177      0.522 

I will check my answers, and see if they are correct
This is V^TAV:

     -14.4   2.56e-11   2.07e-13   1.47e-15  -7.11e-15 
  2.56e-11      -7.49  -4.37e-14   -1.7e-15  -4.91e-09 
  2.05e-13  -4.45e-14       4.57   -2.3e-15   1.19e-10 
  -1.8e-16  -1.21e-15  -2.58e-15       9.35  -1.92e-12 
 -1.07e-14  -4.91e-09   1.19e-10  -1.91e-12         43 
This is D:

     -14.4   2.56e-11   2.04e-13   2.97e-18          0 
  2.56e-11      -7.49  -4.38e-14  -3.84e-21  -4.91e-09 
  2.04e-13  -4.43e-14       4.57          0   1.19e-10 
 -6.04e-17  -1.01e-15   1.44e-15       9.35  -1.92e-12 
 -1.58e-15  -4.91e-09   1.19e-10  -1.93e-12         43 
V^TAV = D: True
It is correct
This is VDV^T:

         8         11         12          8         14 
        11         12  -7.11e-15          5         14 
        12  -5.33e-15          6          5         14 
         8          5          5          4   2.66e-15 
        14         14         14   1.78e-15          5 
This is A:

         8         11         12          8         14 
        11         12          0          5         14 
        12          0          6          5         14 
         8          5          5          4          0 
        14         14         14          0          5 
VDV^T = A: True
It is correct
This is VtV:

         1  -4.72e-16  -1.67e-16   1.98e-16  -1.67e-16 
 -4.72e-16          1  -1.39e-16   1.08e-16   6.94e-17 
 -1.67e-16  -1.39e-16          1  -1.27e-16   2.78e-17 
  1.98e-16   1.08e-16  -1.27e-16          1   1.39e-16 
 -1.67e-16   6.94e-17   2.78e-17   1.39e-16          1 
VtV = 1: True
It is correct
This is VVt:

         1  -5.55e-17  -1.11e-16   1.67e-16   1.67e-16 
 -5.55e-17          1   2.22e-16   5.55e-17  -3.33e-16 
 -1.11e-16   2.22e-16          1   1.11e-16   1.11e-16 
  1.67e-16   5.55e-17   1.11e-16          1  -1.67e-16 
  1.67e-16  -3.33e-16   1.11e-16  -1.67e-16          1 
VVt = 1: True
It is correct
